ConvolutionMatrix {radiusX: 5, radiusY: 5, sizeX: 9, sizeY: 9, matrixElement: Array(9)}
matrixElement: Array(9)
0: (9) [0.5834542277077226, 0.7279319265865634, -0.29678947316960924, -0.6971857480645558, -0.005368349652239424, -0.28283285399261215, -0.07603606293084875, -0.7861001018324663, 0.09438959024693494]
1: (9) [0.7494252744032854, 0.3004904365544059, 0.28966105561750544, 0.3668130367323168, -0.2713380638017928, 0.297565907393718, 0.15917085347601168, -0.2214991719806103, -0.6033425145982214]
2: (9) [-0.4210280484103319, 0.23070905251833018, -0.5445290157879255, 0.9814370774505798, 0.5467283501638538, -0.6692755598930571, 0.7368798817392976, -0.7818955451435188, 0.2191689339114795]
3: (9) [-0.3331046694276689, 0.9139210721874624, -0.9137350131433375, 0.18304223195360914, 0.8904188659745409, -0.7211635858288745, 0.6068409752386348, 0.6056677603975769, -0.5996881444401354]
4: (9) [0.7314252283842255, 0.8243039855678633, 0.6422250004909777, -0.45966930700552133, -0.757711608889232, -0.8077568844940379, -0.12987387495149605, -0.18134743101225848, -0.7602453962872242]
5: (9) [0.16851117957421602, -0.6289989119645947, -0.11510451838337499, 0.9735539395819717, 0.15402257191097135, 0.5751957768065243, 0.5174203822033445, -0.7420593460137805, 0.7946471648602516]
6: (9) [0.8930787391685002, -0.5976733467915203, -0.9317985365244343, 0.8492317991589329, 0.4794311988299951, 0.5832188386627499, -0.868999066186293, -0.21364613117949105, 0.9448949188620719]
7: (9) [-0.3623296708147312, 0.20790208002655852, 0.5852011918084599, -0.0994576481963052, -0.48988594148796816, 0.5453905526435947, -0.10564693760455413, 0.03055233349022135, 0.15024075773675438]
8: (9) [-0.4518382792405031, -0.05364732373810588, 0.8364718344998816, 0.11252690997343473, -0.7660858911478758, -0.8705429732954997, -0.2825626792245113, 0.35307700419728505, 0.8030508877825056]
radiusX: 5
radiusY: 5
sizeX: 9
sizeY: 9